21
12
297 917 630 464 741 797 997 828 891 624 722 823 
636 408 450 963 5 332 140 921 30 407 361 199 
717 810 350 287 931 961 919 257 693 157 839 180 
414 917 461 657 778 723 209 912 950 28 240 351 
223 887 604 807 297 666 199 618 393 865 689 571 
636 945 80 516 416 909 344 510 660 782 244 196 
468 376 67 865 440 818 806 315 998 590 785 920 
164 906 815 616 898 30 291 523 736 151 885 925 
76 148 642 158 167 895 96 687 664 126 623 426 
600 411 675 233 856 976 802 234 200 847 705 130 
82 25 420 775 527 117 525 938 424 971 637 605 
151 730 489 65 54 103 78 116 64 943 632 409 
79 702 880 271 806 713 156 791 472 689 515 736 
137 809 913 709 964 362 872 874 196 261 992 427 
6 89 576 998 223 517 253 305 626 776 114 327 
213 463 409 927 277 984 121 661 62 4 753 317 
647 121 67 70 950 433 125 796 872 221 132 984 
140 279 137 387 441 94 777 776 20 331 336 26 
991 988 725 583 630 446 540 771 875 704 48 839 
429 230 735 124 221 523 635 995 409 571 141 206 
148 904 317 540 125 747 223 505 255 133 920 844 
