30213
30771
25428
18593
29087
17704
4981
28804
22886
22206
20009
4929
5345
25722
25271
8597
30247
19229
9376
30079
27789
1217
9340
10997
19073
26405
8907
28885
8886
7238
6254
26142
130
2351
272
22368
32644
5905
11503
28785
1673
4758
29407
13922
10672
5491
17298
23985
30669
11837
534
20672
14092
14973
17823
31366
21719
9990
26759
10629
3321
2694
2195
7932
3075
20060
23672
7773
4334
22953
670
4353
20995
29354
11555
4635
10488
19013
20259
30443
19036
26081
12087
10036
3125
23419
827
23023
32743
5110
31061
2625
25431
1971
21042
14507
11601
10594
28819
19585
14631
29464
521
10653
21915
18849
9468
20052
15103
10775
12274
3497
11419
21939
32270
14785
18767
28644
25815
21143
20346
17054
14140
3313
25
7413
31188
17811
19764
32746
11370
13490
8054
3461
19640
30123
32539
28196
30323
14069
7183
8210
17544
9812
12627
25947
22438
27984
24484
17375
9724
20966
6999
19366
30788
20349
12680
6003
14336
15388
10355
15260
29443
19929
32546
5912
14388
5269
4169
15066
12687
15334
7278
23389
8044
10581
16204
129
6404
19146
21626
26517
13873
10564
3912
19381
1653
5069
18922
2134
31038
30382
20440
18975
7016
13023
10100
16891
19972
2497
7917
3692
23128
28943
8292
20258
1830
25362
4430
5836
4914
32533
16666
12078
14590
3609
11027
25459
8152
16330
3975
17605
24086
13233
10281
7452
28833
8874
31668
1107
19376
15513
5329
19329
26838
3673
8251
12934
30271
1013
13857
7140
2871
23323
21196
13009
1515
6605
17025
14218
30324
23898
1193
26089
15121
5517
27183
10810
12724
36
29482
6219
8897
30851
12220
22722
18706
28586
10297
179
6974
8293
4236
1906
14875
21442
19159
20134
10369
18888
32090
28831
12369
6758
16278
18666
6326
8874
8882
27426
4523
21044
6429
31752
30910
27881
373
8406
23315
5356
22696
30929
22699
12490
22361
21790
19686
500
32389
8918
24647
32627
22374
15197
26488
18647
27287
3823
13198
17776
12922
23931
14221
17345
3287
29109
10031
11570
28613
4711
29409
8709
26062
7687
17679
4491
5454
1167
25761
8856
22300
5001
8390
52
8300
18537
10736
24211
17396
7456
31776
19528
20046
750
15971
9141
414
32632
15260
12486
13428
8218
22661
24287
6132
14206
10993
786
10548
6510
5716
5782
20965
18662
4484
30068
31798
19566
31169
30084
7669
7334
5876
27032
32503
24867
13620
25847
16059
28537
30606
21261
23882
16537
18438
14176
19297
20574
2265
10694
17874
7010
27397
25302
40
12054
3595
27804
25226
18
19700
19345
24290
31401
23698
13257
8510
449
7944
7791
8054
20449
20621
21359
19471
28300
29036
15218
28767
14286
4431
3599
29170
5652
24510
12351
1837
30273
9699
22290
7985
8189
3472
17057
258
26704
22915
9540
26089
29297
29416
2821
4886
29400
28703
21844
13962
10394
30912
7932
2868
246
10972
7253
2138
6443
25990
19387
8251
4749
7314
2624
20979
27864
6557
24734
4766
23236
20046
7280
20928
17626
7130
2465
7397
28293
13262
24612
9860
29036
30217
14821
13353
767
28679
9472
14291
14416
24934
9778
6299
15397
27042
16268
28311
11083
17188
20335
13822
2861
12155
23476
15757
3749
30953
7467
21545
7441
11553
24391
31173
20394
30031
2071
6022
22801
12121
23672
805
2859
11364
21642
20886
28463
14491
5216
15591
9213
20523
23804
8554
30386
9618
2426
22038
27001
23834
27787
25643
7332
8608
8741
25109
19963
30362
10617
30099
25171
27481
23334
16664
11619
5003
4012
16498
27604
26883
2595
22697
9111
31421
31533
7978
24187
3356
12329
7204
29439
3959
17065
3123
20324
2772
23590
25916
31495
28147
25075
8856
16878
23183
7536
7284
16033
22496
13440
28279
13883
3684
1597
12710
31424
28895
16362
3461
18353
30369
15912
25727
19678
19207
3693
8072
23420
5700
9395
23809
26999
17249
6509
1756
24330
26499
959
5120
25228
11885
17390
30959
5773
28741
21014
2982
32289
21659
25883
24261
31612
9895
1505
22511
7359
16082
25280
1396
11026
9593
30514
30509
12275
21229
23503
7848
25805
12478
21116
31365
16589
16441
25311
4384
6385
2607
6934
32369
1634
15352
18600
6448
1795
5560
15803
29500
3146
3553
30344
14653
27727
19961
13069
13704
26914
27806
22785
31300
16994
2247
12813
30411
1291
10828
23097
31827
3472
2985
29349
30158
28714
12543
27769
22287
15215
28763
30
1837
18726
20283
9391
18988
4442
22862
7082
28122
13229
21628
25836
15864
10991
30246
11996
922
24303
32175
5862
5073
2193
22587
20011
12678
7201
12726
30326
18089
11751
5913
19314
14476
1276
3560
27675
23433
20572
17663
22643
18923
12859
17039
30582
8716
5533
13156
14671
28602
545
16233
10700
17631
25117
1901
1808
17761
28400
12327
12424
10824
14228
7800
544
31
30067
18673
28598
9372
9084
17045
29902
18307
2933
25312
11400
29383
15763
12040
9680
24050
9800
26754
18389
4296
13916
25800
23228
6439
20799
4698
2197
22578
30110
20226
27278
10927
21556
29533
30310
28844
18659
14231
24613
14441
27139
21878
17419
4210
8698
2970
11462
17676
1804
26115
18920
3282
25973
28627
27287
26784
12213
12885
4230
15024
18732
9535
12069
22787
24294
29748
27413
7939
17080
15757
28127
16998
31884
11865
8677
28501
1529
8098
27289
28622
25623
6387
11500
25159
5009
23574
15370
17300
31483
24098
32324
20490
22374
20918
24141
32741
22322
9855
23722
8935
22308
8704
21860
24386
30136
30098
19968
6072
28857
30121
24496
32001
270
22106
4555
20077
10455
4378
14459
3530
10169
22473
11190
10888
2421
14575
27247
26651
704
22853
32269
929
4175
26231
12828
23749
3121
10024
29762
9699
11617
19510
28789
24429
9628
26432
15724
8845
20848
10854
11603
32523
11926
21840
5827
28786
3201
29554
10737
11886
11063
20366
9766
23673
15456
16506
879
23734
31388
13091
25749
18973
19226
5586
25935
24025
7527
2222
6327
17390
32131
30595
19451
8991
3130
193
24917
23567
20913
19912
22333
17318
7744
16482
20445
23734
28031
6545
11461
21727
32676
32140
4832
18608
7436
30980
27302
4878
14359
27563
12436
11226
24889
31735
10713
22990
16718
30755
20819
15272
3630
18552
4281
27787
11650
22218
6682
18338
31190
3909
30086
3846
24047
24170
5899
31202
14942
20564
4323
28117
18773
13632
13803
26519
29882
28492
16471
22240
21114
19839
20644
29061
15136
6154
22735
16868
11942
12749
18373
29827
31626
29469
2330
10484
23589
8645
11517
18940
32313
10826
19564
12532
10441
32372
32164
6254
29741
15625
27868
8732
18533
1756
27954
29678
5550
9478
5606
12411
31571
25716
16326
20130
20678
19106
30441
5233
17647
1957
13472
14661
1988
18799
30122
29491
12826
21583
167
29607
24506
1207
28879
5963
12216
7746
22756
19755
7936
3061
4709
30998
28978
30150
3333
21831
7088
20314
12892
5957
26357
17427
12763
23559
14888
9290
18693
8028
17648
14297
23516
17034
31627
6621
29082
26165
6426
442
27042
7043
7231
7519
31926
12414
29162
24779
24170
7098
17008
28367
4825
19255
5342
32534
19606
23176
15500
25956
26342
29749
17653
7707
20524
25183
20421
1027
30884
4770
6452
4938
6484
4416
5779
24010
26432
16251
25380
5259
1758
18754
28463
19081
21449
7696
9554
21687
20665
28946
31257
27459
21427
1160
6607
28700
17021
17517
10387
32434
29525
29786
18606
10493
1506
29864
23331
1472
18539
25301
11912
29711
32071
6440
4117
14351
5269
20888
29435
21757
11821
28651
8694
18545
30678
14107
12070
2788
15289
28157
5659
31088
13077
14116
17455
3288
28981
8196
31512
456
31391
11091
16829
22110
23695
23221
22345
16616
22691
31639
23678
1008
30936
15195
10061
17270
8117
18102
29859
16252
26822
30807
27781
6088
27980
23242
11359
31973
16691
411
19353
29291
15428
32190
3692
1664
25500
28974
15092
8863
1885
1493
17542
22936
26787
19372
16707
22232
31674
16931
24045
21227
6798
4291
17402
12607
15202
13074
9703
11051
32709
7095
26063
11311
12226
4830
2620
17278
30040
21470
30013
20153
27690
11801
4537
16894
22902
11556
27394
12577
8267
3113
25261
32313
17911
30857
30882
20831
6847
26565
22895
15794
23252
1182
9954
14239
23426
30587
11990
16479
6313
3596
1101
27328
13937
1581
11967
7465
19258
13
25522
13528
1490
23439
32395
28271
1003
1264
10916
14255
27852
29867
29598
20099
9286
26265
12281
20800
10730
3165
31201
9259
30841
16127
10827
20540
31132
29655
2625
16161
25045
30893
11898
30854
2230
15134
12590
17556
4433
8001
15912
22455
30447
10635
9501
27557
20997
32752
26172
27036
26979
1611
27910
2538
25519
6656
28000
3251
11538
12512
5863
28655
25905
24397
4739
18098
26975
2462
32319
5552
20240
17605
23384
22784
25233
10798
8851
5920
32247
8939
29396
9530
19542
28175
3565
165
19763
26199
6068
25007
11323
19216
19288
27546
16693
4148
6901
7652
19509
31191
28005
27340
16914
1729
28250
5905
15643
28253
9385
18173
26118
13778
17129
23714
26921
8303
26173
2916
19437
32588
14190
17591
13951
9262
8765
25130
1480
31660
5879
12453
14752
4752
2633
16622
4926
2688
10070
8562
30707
16862
26631
25923
27673
13036
1954
7261
14918
20020
927
8493
6853
21543
7863
24404
28486
29188
6717
30632
26324
9723
6577
25979
7688
11923
25747
2337
3964
2377
31349
15276
26755
17529
11604
20474
5655
10370
13864
9458
7699
31782
30650
11530
6307
26671
25526
3852
24056
15960
13825
17435
15424
10090
31308
22257
18901
31910
4074
10346
10164
20579
8158
23878
18482
27128
14649
22826
3562
14556
1955
27369
22266
780
22583
3586
18543
21165
24724
25962
28157
26355
31792
21387
500
11329
21488
21388
29039
32658
9206
30675
28878
16663
5051
12744
13415
31265
21597
18140
8569
6722
31034
5835
2913
4015
16061
5917
20753
16105
13176
10227
28349
7581
30579
9728
22487
29896
1476
24022
11582
3614
15456
17507
9139
20653
5681
6331
11916
4286
19305
21272
17068
5884
19477
1310
17842
8920
18677
3940
32113
27691
16011
20529
5025
26653
13938
12163
467
21831
13041
11350
31147
21268
30928
20258
7497
2157
11114
9638
7176
7573
28420
11236
1899
3409
1373
18029
29780
4429
6278
12766
15479
11707
10228
2987
29711
8253
19412
22555
26575
13829
17054
10644
14108
19770
31981
19737
24185
1438
7054
8209
17987
25711
5079
29514
10654
28555
28218
7997
27055
983
21274
11668
8460
27360
23004
15337
2928
29635
20034
31697
5556
4939
24564
29721
10746
20314
28768
26447
3116
31114
29380
900
23205
32019
4745
16209
1837
17392
5075
2072
23595
30525
8790
9612
25110
7908
619
30324
14637
25720
22627
27308
15208
32097
31259
24172
31406
58
32464
15052
28488
10615
309
32648
27286
21323
18371
6657
8704
9417
18257
11653
26160
15433
13284
12496
23166
22797
5064
1235
16556
18468
2272
26804
11476
6287
17466
28437
13726
23203
22502
22681
29878
28334
23305
30628
27518
9949
5165
355
8192
16477
7643
28685
1574
30657
14700
23144
2349
15524
17436
25742
18775
18575
608
11761
25056
7453
13690
24733
19252
11612
12106
17853
11615
13943
22631
865
14021
2962
23662
26494
19219
22774
28826
25654
7797
8814
26773
8538
4362
240
3470
18222
24213
25472
27532
26220
30325
22354
2306
8587
4055
6959
15523
31552
20010
537
5495
28230
2515
26930
2351
12891
4386
17626
23734
21131
30085
2328
31496
30896
14588
28987
11847
4666
28621
27329
28428
12844
10873
10103
15867
21607
15342
6882
15258
26155
12286
26334
29283
14299
1552
31621
1815
15360
1046
28242
17238
14225
13759
19590
11885
18290
27629
27851
10351
24378
20585
1048
15239
9529
25046
468
6028
20410
27619
30526
27606
26501
20421
3596
4944
5032
12517
21074
18127
21111
22997
21414
18850
17362
28041
24962
17515
26790
14532
26346
16941
31670
14288
10574
933
18332
9330
28337
7390
7690
8221
20235
4352
21590
20070
13548
24680
26934
29624
20835
15614
14280
27721
1822
22723
23509
3916
4306
682
11094
21097
26334
1449
26935
16746
10283
32271
5468
7735
2646
6424
32226
15620
5393
29375
30119
28873
11462
1491
21516
7154
12414
25165
8697
14680
12034
7649
6178
29041
30527
13011
21129
4035
2031
16652
23876
27807
8822
25965
32385
7947
1290
7011
25031
2816
4119
23740
2175
8150
23266
29625
9138
23292
31596
13156
15124
25324
1433
2595
17730
20062
1425
8846
5448
27580
31079
1662
16742
7383
3577
30822
26388
6872
8983
30439
28739
13945
