zad 1
5345
9340
26405
28885
130
5905
28785
23985
9990
2195
3075
20060
670
20995
11555
4635
3125
5110
2625
19585
21915
10775
32270
14785
25815
14140
25
11370
13490
19640
8210
17375
12680
10355
15260
20440
18975
10100
1830
4430
14590
16330
3975
17605
7140
1515
6605
17025
10810
12220
14875
32090
30910
23315
12490
21790
500
17345
11570
22300
8390
8300
750
15260
6510
20965
13620
2265
7010
40
3595
19700
19345
24290
8510
28300
29170
24510
22290
7985
22915
9540
29400
25990
7280
7130
2465
9860
20335
12155
21545
805
2595
17065
23590
31495
25075
13440
12710
28895
23420
5700
9395
24330
5120
11885
17390
9895
1505
25280
12275
25805
31365
6385
18600
1795
5560
29500
22785
31300
2985
15215
30
32175
3560
27675
545
10700
28400
7800
17045
11400
12040
9680
24050
9800
25800
30110
30310
4210
2970
26115
18920
12885
4230
9535
17080
11865
11500
15370
17300
20490
9855
8935
21860
270
4555
10455
3530
11190
14575
4175
19510
8845
21840
25935
24025
17390
30595
3130
20445
6545
32140
30980
31735
22990
30755
3630
11650
31190
24170
22240
22735
2330
8645
18940
15625
5550
20130
19755
30150
9290
26165
24170
4825
19255
15500
4770
24010
25380
20665
1160
28700
29525
6440
29435
18545
12070
17455
22110
23695
22345
15195
17270
27980
32190
25500
1885
24045
7095
4830
2620
30040
21470
27690
26565
22895
11990
7465
1490
32395
14255
26265
20800
10730
3165
20540
29655
2625
25045
2230
12590
22455
10635
27910
28000
28655
25905
26975
20240
17605
5920
9530
28175
3565
165
28005
27340
28250
5905
9385
14190
8765
25130
1480
31660
10070
20020
26755
5655
10370
30650
11530
15960
13825
17435
10090
31910
1955
780
21165
26355
500
30675
13415
31265
18140
5835
4015
16105
19305
1310
8920
3940
5025
11350
28420
29780
22555
26575
19770
24185
28555
27055
8460
27360
29635
29380
900
23205
4745
5075
23595
30525
8790
25110
25720
10615
26160
1235
23305
5165
355
28685
14700
18775
18575
13690
11615
865
240
3470
26220
30325
4055
20010
5495
28230
2515
26930
30085
26155
1815
15360
14225
19590
11885
18290
20585
20410
18850
17515
26790
31670
9330
7390
7690
20235
21590
20070
24680
20835
14280
26935
7735
15620
29375
25165
14680
4035
25965
32385
1290
23740
2175
8150
29625
2595
17730
1425
27580
13945

zad 2
32752

zad 3
66

zad 4
2